0 0.096294 0.545573 0.092297 0.098958
0 0.266715 0.457682 0.164244 0.108073
0 0.328852 0.395833 0.141715 0.114583
0 0.471657 0.390625 0.222384 0.098958
0 0.512718 0.319010 0.223110 0.125000
0 0.239462 0.518229 0.071948 0.052083
0 0.245276 0.628906 0.160610 0.104167
0 0.342297 0.511068 0.125000 0.066406
0 0.382994 0.474609 0.101744 0.058594
0 0.412427 0.552734 0.186773 0.092448
0 0.540334 0.471354 0.249273 0.148438
0 0.525073 0.660807 0.243459 0.123698
0 0.698038 0.569010 0.172238 0.114583
0 0.826308 0.431641 0.216570 0.136719
0 0.948038 0.490234 0.103924 0.087240
