0 0.655523 0.385417 0.146802 0.085938
0 0.491279 0.550130 0.159884 0.100260
0 0.296148 0.604167 0.132994 0.101562
0 0.375000 0.700521 0.191860 0.098958
0 0.210392 0.401042 0.098110 0.070312
0 0.265625 0.353516 0.093750 0.092448
0 0.121730 0.466146 0.061773 0.078125
0 0.031977 0.522135 0.052326 0.041667
0 0.182776 0.519531 0.079215 0.049479
0 0.086846 0.589193 0.101017 0.076823
0 0.413517 0.470052 0.109012 0.093750
0 0.675145 0.625000 0.139535 0.085938
0 0.837936 0.400391 0.126453 0.089844
0 0.807049 0.566406 0.112645 0.109375
0 0.945494 0.328125 0.109012 0.106771
0 0.939317 0.580729 0.121366 0.111979
0 0.652980 0.527344 0.083576 0.059896
0 0.764172 0.470703 0.083576 0.053385
0 0.126817 0.727865 0.118459 0.067708
