0 0.399709 0.317057 0.135174 0.108073
0 0.543241 0.596354 0.240552 0.158854
0 0.726017 0.445312 0.152616 0.075521
0 0.807049 0.275391 0.086483 0.084635
0 0.944041 0.280599 0.111919 0.092448
0 0.236555 0.642578 0.124273 0.100260
0 0.320494 0.473958 0.104651 0.101562
0 0.285247 0.425781 0.055959 0.052083
0 0.069041 0.372396 0.065407 0.059896
0 0.152616 0.733073 0.103198 0.109375
0 0.659884 0.776042 0.120640 0.098958
0 0.783430 0.636719 0.114826 0.062500
0 0.897529 0.456380 0.129360 0.084635
0 0.857922 0.727865 0.111192 0.070312
0 0.935683 0.576823 0.087936 0.072917
0 0.690770 0.527344 0.092297 0.057292
